sub1001	26	1	21
sub1002	19	1	13
sub1003	26	0	20
sub1004	23	1	18
sub1005	20	0	15
sub1006	24	0	18
sub1007	19	0	13
sub1008	19	0	13
sub1009	29	1	19
sub1010	18	1	13
sub1011	22	0	17
sub1012	25	1	19
sub1013	18	0	13
sub1014	22	1	16
sub1015	19	1	13
sub1017	23	1	17
sub1018	22	0	16
sub1020	23	0	18
sub1021	26	0	20
sub1022	22	0	17
sub1023	24	0	17
sub1024	19	0	13
sub1025	19	1	13
sub1026	24	0	18
sub1027	21	1	17
sub1028	18	1	13
sub1029	25	0	17
sub1030	24	0	18
sub1031	23	0	17
sub1032	23	0	18
sub1033	19	1	13
sub1035	22	0	16
sub1036	22	0	13
sub3001	23	1	16
sub3002	27	0	20
sub3003	27	0	20
sub3004	23	0	18
sub3005	23	0	16
sub3007	25	0	19
sub3008	20	0	15
sub3010	19	1	12
sub3012	19	0	14
sub3013	26	0	20
sub3015	24	0	17
sub3017	24	1	18
sub3018	28	0	21
sub3020	29	1	22
sub3021	25	1	20
sub3022	30	1	21
sub3024	30	0	21
sub3025	27	0	15
sub3026	22	1	16
sub3027	30	1	21
sub3028	36	0	16
sub3030	26	1	19
sub3031	19	1	12.5
sub3032	20	0	15
sub3034	26	1	19
sub3036	19	0	13
sub3037	20	0	12.5
sub3040	19	0	12
sub3041	19	0	13
sub3042	20	1	13
sub3043	19	1	13
sub3044	19	1	13
sub3045	19	0	14
sub3047	19	0	14
sub3049	23	0	17
sub3050	28	0	19
sub3051	20	1	13
sub3052	21	1	15
sub3054	28	1	21
sub3055	22	0	16
sub3056	19	0	13
sub3057	26	0	18
sub3058	21	1	15
sub3059	25	1	19
sub3060	20	0	13
sub3061	21	1	13
sub3062	20	0	14
sub3063	24	1	17
sub3065	18	0	16
sub3066	20	0	15
sub3068	19	1	12
sub3069	20	0	14
sub3070	19	1	12
sub3071	21	0	14
sub3072	20	0	14
sub3073	24	1	19
sub3075	21	0	14
sub3076	20	0	16
sub3077	21	0	15
sub3078	18	0	13
sub3079	20	0	15
sub3080	24	1	17
sub3081	19	1	14
sub3082	24	0	18
sub3083	25	1	17
sub3085	24	0	20
sub3086	25	1	20
sub3088	22	0	16
sub3089	25	0	17
sub3091	35	1	20
sub3092	21	1	12
sub3093	27	0	20
sub3094	20	0	15
sub3095	19	0	12
sub3096	23	0	17
sub3097	24	1	20
sub3098	24	0	18
sub3099	21	0	14
sub3100	18	0	13
sub3101	20	1	14
sub3102	24	0	18
sub3103	18	1	13
sub3104	29	1	17
sub3105	29	0	23
sub3106	21	0	15
sub3108	20	0	15
sub3109	20	1	14
sub3110	20	1	15
sub3111	23	1	17
sub3112	24	0	18
sub3113	25	0	18
sub3114	18	1	12
sub3115	31	1	22
sub3116	23	0	18
sub3117	23	0	17
sub3118	24	0	18
sub3119	27	0	21
